tile model 
1 379,384
2 368,373,356,360,376,371,354,377,355,358,370
3 353,383,357,361,364,367,372,375,382
4 381
5 
6 
7 374
8 
9 
10 363
11 14
12 12
13 
14 
15 
16 310,316,309
17 312,311
18 251,313,314
19 250,249,252
20 258,366,260,369,257
21 256,259,272,255
22 271,261
23 270,263
24 
25 
26 123,126,125
27 120,380,129,124
28 27,121,122,25
29 28,23,22,26,24
30 21,15,19,1,18,17
31 16,2,3,4,13,6
32 11,10,8,9
33 54,50,53,52,56,55
34 33,32,29,51
35 35,34,31,30,37
36 39,36,40,38
37 42,41
38 
39 359,315
40 
41 253,246,254,247
42 248,241,239,237,240,238
43 268,269,242
44 262,265,266,264,267
45 
46 
47 135,134
48 140,138,139,131,137,132
49 130,133,116,127,128
50 115,118,119,114,117
51 158,113,156,160,161
52 103,20,104,159,102,105
53 79,83,82,7,81
54 84,71,75,80,74,78,5,77
55 67,45,44,70,68
56 49,46,48,47,43
57 
58 
59 
60 243
61 229,244,225,245,228
62 226,230,233,227,231,232
63 236,234,235
64 
65 
66 
67 136,175,169,174
68 184,172,185,173,183
69 162,150,165,168
70 152,143,148,151,149,154
71 167,153,157
72 98,155,97,96,93,92,99,94
73 90,111,101,89,112,100
74 73,72,58,59,76
75 60,66,63,61,65,64
76 69,362
77 
78 
79 
80 
81 
82 320
83 319,318
84 
85 
86 
87 
88 170,181
89 179,177,178,171,176
90 187,194,186,189,193
91 164,196,163,166,218
92 147,219,145,141,146,142,220
93 144
94 85,87,95
95 109,88,86,91
96 106,57,107,110,108
97 62
98 
99 
100 
101 
102 
103 
104 285,286,287
105 275,288,274,290,289
106 273
107 
108 182,180
109 191,197,188,192,190
110 214,212,217,195,213,215,211
111 221,224,222,223
112 
113 
114 
115 
116 
117 
118 
119 
120 
121 
122 291,294,295
123 277,276,292,278,293,296
124 282,280,283,281,279,284
125 
126 202,198
127 199,201,216,200,203
128 205,206
129 
130 
131 
132 321,324,322,365
133 347,345,348
134 
135 
136 
137 307,308,298,300,306,299
138 297,302,303,301
139 
140 208
141 209,207,210
142 204,378
143 
144 336,331,334,335,333
145 327,351,325,328,352,323,326,330,329
146 339,344,349,337,340,338,346,350
147 
148 
149 
150 304,305,317
151 
152 
153
154 332
155 
156 341,342,343
157 
158 
159 
160 
161 
162 
163 